0.033120 78
4.209766 1
0.239259 1
0.320441 1
0.539496 1
0.216097 1
0.796661 1
0.063288 1
21.168503 4095
0.000121 1072
256.312378 82
0.109529 82
0.101311 82
0.095890 82
0.097708 82
0.029709 82
0.130187 82
5.900719 82
0.066968 82
0.027384 82
0.039085 82
0.036636 82
0.036511 82
0.063639 82
0.021037 82
0.037087 82
0.035898 82
0.034065 82
0.032920 82
0.049082 82
0.038586 82
0.070085 82
0.015066 82
0.048762 82
0.471139 82
0.057117 82
0.132930 82
0.064364 82
0.063037 82
0.392810 82
0.074956 82
0.222545 82
0.119241 82
1.128166 82
0.036676 82
0.052198 82
0.019140 82
0.029891 82
0.028348 82
0.047851 82
1.070622 82
0.081499 82
0.114156 82
0.126363 82
0.078174 82
0.532230 82
663.030834 1
0.267487 1
0.448273 1
0.127930 1
1.360130 1
0.335774 1
0.307962 1
3.685053 1
0.359064 1
0.863934 1
0.296523 1
0.223483 1
0.564034 1
0.135983 1
0.195836 1
1.032330 1
0.175788 1
0.372608 1
1.331680 1
1.483402 1
0.596300 1
0.424068 1
0.204007 1
0.356401 1
0.411730 1
0.428042 1
1.351845 1
0.664270 1
1.763592 1
0.260433 1
1.364641 1
0.115014 1
1.124155 1
0.545562 1
0.470404 1
0.419788 1
0.380228 1
0.144078 1
0.179614 1
2.357105 1
1.404013 110
9.686832 1
0.404503 1
0.463769 1
0.187988 1
2.004495 1
0.359695 1
0.568207 1
2.699841 1
1.817161 1
7.390452 1
0.164243 1
2.456998 1
0.542989 1
1.409296 1
0.710779 1
0.272148 1
0.459804 1
0.327702 1
0.148183 1
0.191894 1
3.596414 1
0.507821 1
0.275910 1
0.267943 1
0.343876 1
0.488402 1
4.060098 97
1.984733 26
3.726818 4
0.500556 4
0.031486 4
0.029685 4
0.031144 4
0.031257 4
0.030266 4
0.030326 4
0.031204 4
0.032241 4
0.031318 4
0.031686 4
0.030984 4
0.030011 4
1.444249 1
0.275771 1
1.103999 1
0.103933 1
0.512934 1
0.691671 1
0.067262 1
1.367992 1
1.136037 1
0.500651 1
0.283576 1
0.200369 1
0.231600 1
0.808142 1
0.415749 1
0.460178 1
0.451917 1
0.571943 1
0.540081 1
0.427757 1
0.428282 1
1.079968 1
0.236065 1
1.096239 1
0.483576 1
0.583969 1
0.112214 1
0.831903 1
0.883689 1
0.368128 1
0.300120 1
0.156160 1
1.012205 1
0.611703 1
1.652344 1
1.472153 1
0.755579 1
2.088591 1
0.579949 1
1.127295 1
0.204190 1
0.495998 1
2.788126 124
30.295588 1
2.304345 1
3.060012 1
2.256666 152
7.855294 1
0.568020 1
0.383720 1
1.764444 125
4.220793 26
0.920196 76
1.702875 1
0.639864 1
0.660208 1
0.376343 1
83.227518 1
1.160099 1
0.319794 1
1.088065 1
0.784437 1
0.163866 1
4.008578 194
8.427231 1
0.908310 1
0.103610 1
0.868200 1
0.719804 4
1.356037 4
0.288224 4
0.200744 4
0.178982 1
0.457365 63
1.838923 1
0.740104 132
2.897411 64
0.671509 4
0.571680 1
0.212159 166
2.170831 1
1.024041 1
0.068052 1
1.095871 1
0.776073 1
0.152089 1
0.915923 1
2.908146 196
11.299548 82
0.016925 82
0.054145 82
2.583485 82
0.035852 82
0.087746 82
0.169564 82
1.045243 82
0.210216 82
0.706839 82
3.942406 1
0.312091 1
1.371811 1
0.047892 1
7.944719 8
