0.025408 78
0.846010 4
0.180226 17
0.161310 42
0.238943 42
0.352856 35
0.290837 18
0.252483 14
0.179273 35
0.176283 42
0.167709 42
0.164316 20
0.168535 7
0.383778 1
0.240163 1
0.215360 1
0.203769 1
0.196701 1
12.482725 1
0.367976 1
1.427734 4
1.052798 1
0.367401 1
0.187977 1
0.163974 1
1.120437 1
2.663367 1
0.352322 1
0.187642 1
0.240190 1
0.229332 1
0.214750 1
0.192464 1
0.255421 1
0.001121 1
0.202623 1
1.372832 4
0.179556 4
0.443707 4
0.460271 1
0.207963 1
4.297829 2
0.000410 78
1.005318 1
0.064393 1
0.688211 1
0.607533 1
0.472396 1
0.199679 1
0.272182 1
0.220022 1
0.204585 1
0.263258 1
0.244226 1
0.203936 1
0.884306 100
1.812304 1
0.195442 1
0.259796 1
0.772687 122
1.075644 1
0.131940 1
0.268766 1
0.970990 1
0.828457 80
1.324427 1
0.311271 1
0.749095 1
0.899152 92
27.375553 1
0.109246 1
0.362976 1
0.435813 1
0.524172 4
0.151951 4
0.480508 1
0.267579 1
0.148005 1
0.632234 88
11.687754 1
0.071762 1
0.612349 1
1.707735 1
4.340305 4
0.359744 4
0.832343 80
125.771946 1
0.020197 1
1.471670 1
0.684156 4
0.171825 1
0.225047 1
0.827250 80
12.100122 1
0.076711 1
1.322813 1
0.732493 1
0.972216 80
1.307282 1
0.068968 1
1.003053 1
0.616165 1
0.511794 1
0.472109 1
0.275939 1
0.208062 1
0.168059 1
0.303980 1
0.416021 1
0.428880 1
1.679421 100
0.899674 1
1.347792 1
0.088830 1
0.771669 122
7.987857 1
0.951931 4
2.073034 1
0.098758 1
1.992688 80
1.351383 1
0.264115 1
0.508766 1
0.583241 1
0.784477 8
