0.032762 78
77.232729 1
0.504053 1
0.492027 1
0.188056 1
8.364086 1
1.552370 1
0.075497 1
0.819932 1
0.047933 1
5.797813 224
0.046960 135
0.000408 143
0.000042 56
0.000034 52
0.000033 15
0.000034 37
0.000033 64
0.000034 82
0.000034 83
0.000034 80
0.000033 64
0.000034 81
0.000034 80
0.000040 163
0.000035 80
0.000033 74
0.000077 6
11.891665 28
0.364498 18
0.167137 18
0.500653 18
0.031467 18
0.030498 18
0.031712 18
0.031723 18
0.030879 20
0.031693 21
0.030249 21
0.030345 21
0.030634 21
0.030991 21
0.030974 21
0.030679 21
0.030141 95
0.031654 104
0.031119 21
0.030464 21
0.031084 21
0.030931 1258
0.031194 1327
0.795213 1346
0.455630 1303
0.500993 1364
0.031308 1376
0.031019 1376
0.030770 1352
0.032271 1307
0.032068 1361
0.029878 1359
0.031802 1336
0.030247 1335
0.031196 1352
0.031263 1424
0.627504 174
0.500455 174
0.030816 154
0.030778 152
0.030802 165
0.029887 94
0.031153 21
0.032243 21
0.030819 21
0.032022 21
0.030978 21
0.031695 21
0.031171 19
0.031085 18
0.030083 18
0.031236 18
0.031237 18
0.030744 18
0.030938 91
0.031504 100
0.030086 18
0.031323 1364
0.031881 1348
0.031586 1342
0.031095 1365
0.032064 1370
0.030606 1307
0.030919 1362
0.198865 1380
0.411845 1380
0.356240 1371
0.335760 1310
0.336316 18
0.324371 18
0.223234 18
0.352609 18
0.327437 18
0.501076 18
0.030279 18
0.030684 18
0.032071 18
0.031074 18
0.032630 18
0.031389 20
0.031174 21
0.031458 21
0.031522 21
0.030744 21
0.031148 21
0.032652 21
0.031475 21
0.338588 21
0.588148 21
0.248450 21
0.500577 21
0.030973 21
0.030763 21
0.031218 21
0.030954 21
0.031267 21
0.030483 21
0.031232 21
0.031180 21
0.030482 21
0.031398 21
0.224841 21
0.880134 21
0.344818 21
0.499861 19
0.031532 20
0.031250 21
0.030771 21
0.030649 23
0.029859 22
0.031063 23
0.029900 24
0.030556 98
0.031029 105
0.031101 23
0.031018 24
0.030535 24
0.030783 24
0.031155 24
0.031238 24
0.030796 22
0.031248 1366
0.032859 1379
0.031765 1377
0.031321 1352
0.031149 1307
0.031430 1363
0.736282 1362
1.759967 1339
0.588112 1338
0.376157 1355
0.395576 1427
0.628221 1424
0.312443 1407
0.715542 1341
0.264025 967
0.624106 1313
0.611738 77
0.500832 156
0.031686 175
0.030796 177
0.030693 177
0.030973 157
0.031013 155
0.031672 168
0.656536 24
0.373049 24
0.500690 24
0.031226 24
0.032457 24
0.031889 24
0.031600 24
0.029883 24
0.030128 24
0.030140 24
0.030876 24
0.031356 24
0.334918 168
1.547563 168
0.812183 168
0.428508 24
0.491345 24
0.500474 24
0.031531 24
0.030539 24
0.031264 24
0.030730 24
0.030558 22
0.030828 21
0.642411 21
0.447756 21
0.339927 21
0.828353 21
0.300039 21
0.500896 21
0.031138 21
0.030182 23
0.031479 24
0.031227 24
0.030739 24
0.030693 24
0.031114 24
0.030847 24
0.031256 24
0.200122 24
0.411794 155
0.800328 24
0.363936 24
0.375982 24
0.512196 24
0.311815 24
0.464361 157
1.699813 24
0.323902 177
0.312021 177
0.267660 175
0.488443 156
0.596222 85
0.407807 967
1.995839 19
0.931905 18
0.828388 18
0.500040 18
0.030826 18
0.030521 18
0.029998 18
0.031183 18
0.030919 18
0.031451 18
0.031248 20
0.804173 19
0.732475 20
2.134626 19
0.499560 20
0.031002 21
0.245823 19
0.299703 20
0.452021 19
1.188019 18
0.636285 20
0.636471 21
0.303176 23
0.232978 22
0.215429 23
0.207729 24
0.216181 22
0.200400 23
0.192140 24
0.255338 22
0.428186 23
0.259790 24
0.231620 22
0.192543 23
0.227968 24
0.207695 22
0.232220 23
0.192067 22
0.227866 21
0.231621 19
7.823874 20
0.312874 21
0.239467 23
0.268290 22
0.311768 23
9.451821 24
0.264424 22
0.239771 23
0.339954 24
1.684750 22
3.099892 23
4.043878 22
0.395658 23
0.291917 22
0.463993 915
0.872810 969
0.268050 945
0.463400 977
0.480039 984
0.875894 995
0.279596 1002
0.245896 1046
0.414402 1025
0.312374 1087
0.475788 1117
0.351887 1174
0.256492 1117
0.216764 1177
0.398623 1179
0.488177 1106
0.279673 1153
0.228108 1152
0.244404 1178
0.500299 1177
0.030947 1182
0.032489 1240
0.032519 1225
0.031805 1238
0.032460 1294
0.831078 1300
0.529207 1337
0.500705 1287
0.030875 1353
0.032079 1374
0.031194 1374
0.030915 1383
0.031529 1399
0.031775 1349
0.030954 1344
0.031527 1342
0.432426 1412
0.579603 1446
0.431441 1392
0.500763 1456
0.031039 1468
0.031630 1458
0.031592 1090
0.030549 29
0.031556 27
1.238625 28
0.501457 29
0.030647 27
0.031387 28
0.031731 27
0.031276 26
0.032337 30
0.032701 30
0.034595 31
0.031258 30
0.032298 31
0.030911 30
0.030651 31
0.672635 30
0.584007 31
0.499978 30
0.030936 31
0.029749 30
0.030556 31
0.030940 30
0.031432 31
0.030731 28
0.623994 30
3.795811 28
0.492501 26
0.791914 28
1.251508 27
0.501714 28
0.032544 29
0.031902 27
0.032636 28
0.031359 29
0.032016 1446
0.031934 23
0.032270 24
0.031918 22
0.032187 23
0.031337 24
0.032463 24
0.031988 22
0.031240 23
0.031858 24
0.032044 24
0.031252 22
0.031919 23
0.031311 22
0.031478 19
0.031865 20
0.031469 21
0.030531 21
0.032232 21
0.032876 21
0.031056 21
0.031443 21
0.032032 1451
0.031510 1439
0.031593 1380
0.032484 1433
0.030933 1396
0.031770 1331
0.032645 1331
0.032182 1326
0.030939 1366
0.031788 1382
0.032109 1367
0.031203 1363
0.032524 1339
0.032623 1275
0.030164 1324
0.032294 1284
0.030534 1281
0.030960 1224
0.031439 1212
0.032726 1223
0.032314 1167
0.031939 1169
0.029859 1168
0.031894 1144
0.030309 1143
0.031370 1100
0.031654 1167
0.031742 1161
0.030053 1111
0.031044 1178
0.029898 1110
0.030999 1063
0.030461 1013
0.031225 1034
0.031702 993
0.031203 984
0.031131 976
0.031528 967
0.031225 937
0.031112 960
0.030800 903
0.031699 882
0.031699 1313
0.032767 77
0.030541 156
0.030789 175
0.032028 177
0.029819 177
0.031467 157
0.031529 155
0.030095 168
0.031001 95
0.031096 21
0.777303 21
0.500553 23
0.032144 22
0.030284 19
0.030887 20
0.031675 21
0.031364 21
0.031964 21
0.030523 21
0.031152 21
0.030594 19
0.030825 1397
0.032078 1433
0.031827 1439
0.031841 1365
0.032170 1350
0.030741 1345
0.456910 21
0.500498 19
0.031043 20
0.031430 21
0.030919 94
0.030951 101
0.029405 20
0.031034 21
0.595016 21
23.727764 19
0.452547 93
0.499958 103
0.032059 21
0.031741 19
0.030415 20
0.031424 21
0.031632 1368
0.032008 1373
1.402574 1308
0.015647 1364
2.264096 21
1.243964 1383
1.791833 1381
0.723463 1373
0.433650 1311
0.611224 20
0.499984 19
0.031631 20
0.030576 21
0.031703 19
0.030535 20
0.031346 21
0.030626 21
0.030078 23
0.031546 22
0.688304 23
0.351626 22
4.520058 21
0.387759 21
0.499395 21
0.030795 21
0.029986 21
0.031341 21
0.030364 21
0.031203 21
0.030268 21
0.030246 21
0.222777 21
0.500562 21
0.031137 21
0.032412 21
0.031283 21
0.030876 21
0.030716 21
0.031772 21
0.030383 21
0.032213 21
0.031175 21
0.030889 21
0.031311 21
0.031092 21
0.030545 21
0.031043 21
0.030817 21
0.032309 21
0.031312 21
0.030445 21
0.031594 21
0.030840 21
0.383520 21
0.499099 21
0.031589 21
0.029950 21
0.031895 21
0.030493 21
0.030685 21
6.201483 21
0.499918 21
0.031217 19
0.030102 20
0.030795 21
0.030370 19
0.030659 20
0.031731 19
0.032480 1355
0.031724 1340
0.030350 1268
0.031290 1239
0.481742 19
0.500693 20
0.031500 21
0.031074 19
0.030571 20
0.245846 19
0.328107 20
0.324012 21
0.339877 21
0.348452 23
0.420360 24
19.255841 24
0.379594 24
0.544316 24
0.487546 24
0.828010 24
0.693672 24
0.898580 24
0.499640 24
0.030236 24
0.029931 24
0.030189 24
0.030726 24
0.031637 24
0.031162 24
0.031191 24
0.031257 24
0.534114 24
0.415417 24
0.696619 24
0.499885 24
0.031121 24
0.030125 24
0.030821 24
0.031059 24
0.030461 24
0.030805 24
0.031485 24
0.031669 24
0.372438 24
0.419753 24
0.500539 24
0.031438 24
0.030497 24
0.030844 24
0.030719 24
0.031283 24
0.030621 24
0.030616 22
0.030864 21
0.032031 21
0.228626 21
0.463941 21
0.500820 21
0.030959 21
0.030883 21
0.257756 21
0.300037 21
0.351624 21
0.452151 21
0.499903 21
0.031195 21
0.030486 21
0.031231 21
0.031090 21
0.030705 21
0.029976 23
0.030058 24
0.032085 24
0.031822 24
0.030150 24
0.029998 24
0.031308 24
0.030512 24
0.031024 24
0.031871 24
0.030987 24
0.031277 24
0.030676 24
0.031126 24
0.031057 24
0.031266 24
0.031521 24
0.031497 24
0.030308 24
0.031573 24
0.031162 24
0.030236 24
0.030912 24
0.032514 24
0.030776 24
0.032649 24
0.030447 24
0.032226 24
0.030185 24
0.032101 24
0.032028 24
0.029995 24
0.031682 24
0.030782 24
0.031599 24
0.030487 24
0.033066 24
0.030387 24
0.638020 24
0.500700 24
0.032631 24
0.031143 24
0.031029 24
0.031117 24
0.030963 24
0.032642 24
0.032057 24
0.031495 24
0.359287 24
0.466617 24
0.500680 24
0.030984 24
0.030810 24
0.030696 24
0.031232 24
0.031064 24
0.031723 24
0.032545 24
0.034067 24
0.030603 24
0.031573 24
0.030878 24
0.030934 24
0.031525 24
0.032221 24
0.030915 24
0.031107 24
0.030064 24
0.031921 24
0.032240 24
0.031663 24
0.032028 24
0.032530 24
0.030567 24
0.031079 24
0.032309 24
0.031424 24
0.032315 24
0.032790 24
0.030113 24
0.032255 24
0.032261 24
0.030635 24
0.032265 24
0.031933 24
0.030224 24
0.031440 24
0.031806 24
0.031866 24
0.032283 24
12.893397 24
0.651331 24
0.419846 24
0.500644 24
0.030910 24
0.030779 22
0.031087 21
0.030642 21
0.031045 19
0.031196 20
0.401403 19
0.372079 20
0.480409 21
0.235803 21
0.500624 23
0.031165 24
0.030235 24
0.030852 24
0.030799 22
0.031576 23
0.030427 24
0.030199 98
0.030623 105
0.032106 23
0.031208 24
0.032465 24
0.029852 1261
0.031558 1330
0.031431 1349
0.032195 1304
0.032479 1366
0.031519 1379
0.031978 1377
0.032458 1352
0.644437 21
0.499680 23
0.031022 24
0.029871 22
0.031034 23
0.030008 24
0.032273 24
0.031123 24
0.031190 24
0.031119 24
0.030550 22
0.031612 97
0.030204 105
0.031871 21
0.031544 19
0.030719 20
0.030644 21
0.030946 21
0.031713 21
0.030879 19
0.031521 20
0.030973 1383
0.032757 1381
0.033202 1373
0.028051 1311
0.030805 1355
0.031283 1340
0.499277 21
0.292311 19
1.932323 20
0.311391 19
0.372183 20
22.739703 21
0.500423 19
0.030927 20
0.031047 23
0.030841 24
0.031483 24
0.030588 22
0.030426 23
0.030866 24
0.030969 98
0.031312 105
0.031594 23
0.031199 24
0.031760 24
0.030442 24
0.031735 24
0.031513 1349
0.031412 1304
0.031455 1366
0.032009 1379
0.032051 1377
0.031421 1352
0.030832 1307
0.030779 1363
0.032200 1362
0.031727 1339
0.031244 1338
0.031262 1355
0.030994 1427
0.031362 1424
0.030641 1407
0.030697 1341
0.031629 967
0.030630 19
0.030724 20
0.030122 21
0.031346 19
0.032056 20
0.031132 19
0.031397 18
0.031044 20
0.029068 21
0.032750 23
0.031484 22
0.030533 23
0.029644 24
0.032074 22
0.032281 23
0.029195 24
0.032604 22
0.030853 23
0.031380 22
0.031149 23
0.031775 22
0.030412 915
0.031530 969
0.029542 945
0.402574 977
0.500982 984
0.030619 995
0.031328 1002
0.032237 1046
0.031791 1025
0.032126 1087
0.033409 1117
0.031797 1174
0.030532 1117
0.032062 1177
0.030361 1179
0.031318 1106
0.031488 1153
0.031787 1152
0.030616 1178
0.031276 1177
0.031899 1182
0.031531 1240
0.032106 1225
0.031409 1238
0.031220 1294
0.031074 1300
0.032030 1337
0.032005 1287
0.032203 1353
0.031891 1374
0.031118 1374
0.031316 1383
0.031927 1399
0.030526 1349
0.030564 1344
0.031509 1342
0.031405 1412
0.032157 1446
0.031881 1392
0.031968 1456
0.031928 1468
0.032177 1458
0.032234 1090
0.031554 29
0.033088 27
0.032034 28
0.030847 29
0.031769 27
0.031406 28
0.031886 27
0.031895 26
0.031565 30
0.032282 30
0.372245 31
0.500108 30
0.204253 31
0.499182 30
0.030976 31
0.032087 30
0.030638 31
0.031328 30
0.030753 31
0.031320 32
4.669090 32
0.500334 1028
0.203325 1021
0.272416 1053
0.391948 1030
284.364033 2083
15.744235 1046
0.527547 1113
0.689042 1122
0.443158 24
0.501224 22
0.030841 23
0.031226 22
0.030859 23
0.031114 22
0.031208 23
0.030619 22
0.030988 23
0.030898 24
0.032106 24
0.030634 24
0.030656 20
0.030948 20
0.031688 19
0.031786 20
0.030838 19
0.031502 20
0.030974 19
0.032332 20
0.031450 19
0.031694 1108
0.031464 1046
0.030953 1037
0.031216 1039
0.030637 1030
0.526517 20
0.611523 19
0.247883 18
0.208197 20
0.188085 19
0.180205 20
0.175513 19
0.180229 20
0.187994 21
0.179781 23
0.212663 22
0.227633 23
0.251902 22
0.296119 23
0.571871 24
0.592889 24
15.279414 24
0.295786 22
0.724232 23
0.432433 22
0.339319 23
0.612434 1038
1.080199 23
0.351307 22
0.256068 23
0.239886 22
0.228293 23
0.292015 24
0.304061 24
0.471494 24
0.391961 22
0.288146 23
11.672044 22
0.412829 23
0.500113 22
0.031302 23
0.030843 24
0.030982 24
0.031769 24
0.031865 22
0.031295 23
0.032712 22
0.030693 23
0.031767 22
0.031034 1039
0.213724 1046
1.079301 1113
1.587780 22
0.368153 23
16.292394 22
0.312204 23
0.215830 1122
0.279460 1170
0.243972 1108
0.375982 1169
0.300424 1190
0.383594 1253
0.440062 1235
0.459972 1233
0.416048 1232
0.509465 1291
0.507169 1291
0.391582 1274
0.272823 1265
0.551590 1319
1.947711 1315
0.427683 24
0.500571 24
0.030800 24
0.030533 24
0.031166 24
0.031197 24
0.029863 22
0.030923 23
0.031258 24
0.030802 24
0.030735 24
0.031257 22
0.407022 23
0.235605 24
0.196271 24
0.500596 24
0.031511 22
0.030879 23
0.031248 24
0.029801 24
0.030030 24
0.030868 24
0.031009 24
0.031345 24
0.030388 1290
0.029697 1301
0.032779 1278
0.031401 1308
0.032219 1268
0.031693 1290
0.030217 1226
0.029937 1201
0.032614 1152
0.663871 23
0.739919 22
0.295972 23
0.331704 22
0.424570 23
0.335439 22
0.364269 23
0.799970 22
0.463974 23
1.064079 24
0.703931 24
0.220106 24
0.500272 22
0.031731 21
0.031328 21
0.031497 19
0.031579 20
0.030670 21
0.031725 21
0.271071 21
0.436105 19
0.556043 1200
0.503825 1227
0.312334 1288
0.355637 21
0.500743 21
0.031548 19
0.032407 20
0.032236 21
0.030855 21
0.030981 21
0.030780 19
0.031395 22
0.030900 24
0.031921 24
0.717073 24
0.323131 24
0.280799 20
0.711440 20
0.243906 21
0.499832 21
0.031376 21
0.031407 19
0.030329 20
0.032270 21
0.032086 21
0.031144 1265
0.031709 1305
0.031038 1275
0.030923 1298
0.690077 19
0.499948 20
0.031549 19
0.030331 20
0.031037 21
0.031432 21
0.029612 19
0.031000 20
0.031698 23
0.030844 24
0.030593 24
0.031275 22
0.282399 23
0.500661 24
0.031300 24
0.030454 24
0.031746 24
0.030049 24
0.031372 24
0.031456 22
0.030143 23
0.031342 1278
0.030540 1308
0.031504 1268
0.032181 1290
0.029429 1226
0.033318 1201
0.031324 1152
0.031216 1215
0.029802 1154
0.031165 1145
0.032689 1145
0.746203 1109
0.340266 1107
0.227868 1112
0.232105 1119
0.240042 1113
0.215946 1112
0.500459 1107
0.031016 1051
0.031007 1112
0.030009 1111
0.031228 1149
0.031363 1212
0.031748 1188
0.030978 1186
0.030587 1213
0.032251 1212
0.411504 1223
0.303600 1222
0.300294 1218
0.579808 1285
0.812868 1238
2.219343 1166
0.475982 23
0.272207 24
0.244121 24
0.975986 24
0.775468 24
6.472119 24
0.415948 24
0.316365 22
1.335418 23
0.316204 22
0.356096 23
0.416162 22
0.507788 23
0.501580 24
0.031396 24
0.030863 22
0.030166 21
0.031962 19
0.029984 20
0.030866 21
0.031319 21
0.029946 21
0.032279 21
0.030325 19
0.031053 20
0.032166 1231
0.030301 1274
0.032691 1206
0.031750 1214
0.031036 1213
0.030099 1204
0.032911 1203
0.031792 1178
0.031699 1177
0.031182 1200
0.030612 1137
0.031995 1103
0.031417 1102
0.272636 1045
0.500743 1100
0.031101 1106
0.031285 1107
0.030832 1113
0.032118 1110
0.032588 1109
0.032335 1107
0.030302 1144
0.031616 1146
0.031074 1158
0.031075 1213
0.030684 1149
0.262205 1200
0.501128 1227
0.031011 1288
0.030906 1265
0.031508 1305
0.030965 1275
0.031211 1298
0.032046 1287
0.032362 1311
0.029927 1312
0.031999 1261
0.031255 1268
0.031939 1285
0.030480 1283
0.032371 1223
0.031172 1228
0.031738 1227
0.564453 20
0.501412 19
0.031210 20
0.029976 21
0.029871 21
0.031698 21
0.030735 19
0.031312 20
0.031218 21
0.030439 23
0.295881 22
0.347944 23
22.848159 22
0.500051 23
0.030807 22
0.030638 21
0.031356 19
0.031739 20
0.029284 21
0.030083 21
0.030768 21
0.032011 19
0.029781 20
0.032492 19
0.242961 1244
0.500364 1180
0.032596 1161
0.031135 1105
0.031065 1166
0.030520 1115
0.029894 1108
0.031240 1046
0.035250 1037
0.026750 1039
0.032005 1030
0.031214 1031
0.031168 1054
0.030837 1021
0.241950 1024
0.502169 1107
0.031866 1446
0.031012 23
0.030865 24
0.031451 22
0.030663 23
0.031835 24
0.031119 24
0.030841 22
0.031016 23
0.030965 24
0.029831 24
0.716397 22
0.500169 23
0.030985 22
0.030058 19
0.031284 20
0.031010 21
0.030077 21
0.031204 21
0.030366 21
0.030720 21
0.031546 21
0.032267 1451
0.032515 1439
0.031678 1380
0.031548 1433
0.031646 1396
0.031092 1331
0.031122 1331
0.030596 1326
0.031889 1366
0.032135 1382
0.031372 1367
0.402504 1363
0.728506 20
0.500486 21
0.031361 95
0.030226 102
0.031079 20
0.030708 21
0.031137 19
0.031450 20
0.031247 21
0.032175 23
0.033964 22
0.567540 23
0.748239 22
0.367702 21
0.463923 19
0.376878 20
0.323555 21
0.404048 21
0.435945 19
0.451994 20
0.636983 19
0.482672 20
0.264073 21
0.284095 23
0.615782 22
0.424687 23
0.256047 22
0.363861 21
1.507615 21
0.300858 23
0.463281 22
0.500663 21
0.031812 19
0.030734 20
1.117063 21
0.235296 19
0.428296 94
0.403873 102
0.499824 20
0.030620 21
0.031682 19
0.031753 20
0.030493 21
0.031087 23
0.368788 22
0.233090 21
7.101916 114
2.584466 1
0.075152 1
1.161352 1
0.063059 1
0.609367 1
2.298232 1
2.312180 1
3.680178 1
0.677097 1
0.446774 1
0.096060 1
0.435986 1
0.695986 1
0.376104 1
0.808034 1
1.624465 1
2.995449 1
0.583648 1
6.648330 1
0.992107 1
1.291750 1
0.856019 4
0.320204 1
0.455601 1
4.233484 1
0.422635 1
8.260119 1
1.023905 1
1.543758 1
0.656050 1
0.848450 1
1.191922 1
1.955858 1
0.152145 1
4.553078 1
0.554882 1
0.756714 1
0.739320 1
0.656050 1
1.915805 1
3.097007 4
0.871126 1
7.243990 1
0.164578 1
1.773140 1
1.150174 1
3.092287 4
0.207672 4
0.188000 4
0.184861 4
0.435247 4
1.511888 1
1.876280 1
0.115646 1
0.724180 1
1.564055 4
1.744422 1
0.463882 1
0.119788 1
0.523820 1
0.788097 1
0.167987 1
0.388040 1
0.100196 1
0.667720 1
0.460005 1
0.427985 1
0.141237 1
0.502727 1
0.640179 1
0.160300 1
0.943730 3
0.851824 1
0.752286 1
2.483996 1
0.731688 1
0.407857 1
5.093225 137
6.424114 63
0.628100 1
0.500375 1
0.032671 1
0.030595 1
0.031723 1
0.032116 240
0.031204 1
0.032450 1
0.030980 1
0.031526 1
0.033271 1
0.032140 1
0.030740 1
0.031341 1
0.030704 1
0.031011 1
0.032056 1
0.031246 1
0.030635 1
0.031581 1
0.032200 1
0.032642 1
0.030672 1
0.031528 1
0.392108 3
0.808257 3
0.436170 3
0.299516 1
0.184396 1
0.987437 221
1.040064 220
0.221510 3
0.259457 3
0.358801 227
1.263917 230
0.400710 140
38.648222 65
1.188122 1
0.500990 1
0.032079 1
0.031103 1
0.030732 1
0.030713 1
0.031205 1
0.031119 240
0.030008 1
0.030788 1
0.029748 1
0.031157 1
0.031034 1
0.031660 1
0.030787 1
0.030895 1
0.030620 1
0.031049 1
0.031630 1
0.031590 1
0.031442 1
0.031219 1
0.032836 1
0.031798 1
0.031404 1
0.030295 1
0.030847 1
0.260791 3
0.248094 3
0.232128 3
0.236930 3
0.322869 1
1.479172 225
0.153136 224
1.160158 140
1.659888 65
0.920123 221
0.540247 221
0.551446 1
0.500818 1
0.031088 1
0.030777 1
0.030691 1
0.031686 240
0.030684 1
0.030752 1
0.030290 1
0.031317 1
0.030765 1
0.030957 1
0.030889 1
0.031173 1
0.031651 1
0.031035 1
0.031349 1
0.031370 1
0.031784 1
0.031150 1
0.031339 1
0.031289 1
0.030466 1
0.030532 1
0.031048 1
0.218214 3
0.494812 3
0.244042 3
0.967557 223
0.325290 222
0.859249 140
15.668781 63
5.068980 1
0.500012 1
0.030494 1
0.031061 1
0.030943 1
0.031537 240
0.030625 1
0.031867 1
0.031201 1
0.030941 1
0.031394 1
0.031061 1
0.030514 1
0.031312 1
0.031044 1
0.031188 1
0.031016 1
0.195817 1
0.164734 1
0.172060 1
0.163420 1
1.027699 225
0.167563 222
3.317725 1
1.367194 219
1.258995 222
0.424260 225
0.467998 228
0.511676 231
0.132810 231
1.739549 233
6.287865 230
0.180138 228
0.163780 232
0.172229 229
0.348450 226
0.727655 225
0.179647 228
0.467988 231
0.115935 231
2.568066 233
0.356025 235
1.984847 36
0.000472 24
0.000041 2
0.000221 78
4.487555 1
0.374473 1
0.313029 1
0.163018 1
19.892311 4
0.187860 4
0.151733 4
0.160315 4
0.155913 1
9.987929 1
0.092021 1
0.168015 1
0.477041 1
1.011228 1
0.443789 1
0.228016 1
0.204112 1
0.227896 1
0.151958 1
1.353142 79
1.132930 206
1.955198 79
0.228121 221
0.351876 219
0.216084 221
0.184506 221
0.167500 202
0.180469 17
0.404641 131
0.270655 7
0.355805 41
0.244320 2
0.219717 164
0.176105 2
0.421359 127
0.242975 98
0.332845 294
0.210849 61
0.196473 352
0.195692 87
0.431656 16
0.396043 6
0.356032 52
0.436391 81
0.448419 10
0.431337 16
0.476620 31
0.475473 26
0.415784 8
0.331841 12
0.380337 7
0.323959 11
0.348410 10
0.348201 31
0.415358 23
0.332046 19
0.284925 8
0.643102 18
0.544505 10
0.403530 31
1.215905 41
0.516413 42
0.651512 35
0.411756 18
0.196476 19
0.199568 13
6.251992 17
0.524516 13
4.959631 293
0.659853 10
5.296633 79
0.708805 206
0.442523 1
0.159992 1
0.175881 1
0.164751 1
0.159634 1
0.575142 15
0.903899 11
0.869418 222
0.000374 78
0.816031 10
9.274262 4
0.180300 4
0.295359 4
0.175964 4
0.460128 1
0.768382 1
0.175709 1
0.147974 1
1.233384 291
1.399088 1
0.403723 1
0.383625 1
0.256470 1
3.244301 8
