0.024278 78
41.880880 1
0.444111 1
0.455958 1
0.151664 1
0.348382 1
1.008306 1
0.487400 1
1.300322 1
0.323714 1
2.028061 1
2.072337 1
0.488543 1
2.559261 1
0.167923 1
0.180446 1
7.419629 1
0.448025 1
0.495978 1
0.152069 1
0.267728 1
1.380259 4
0.183781 4
0.176516 4
0.199590 4
0.271905 4
43.133076 1
3.171205 3
1.132011 7
1.211968 3
0.795878 7
0.120119 3
3.896106 3
0.153880 3
3.567290 3
2.495344 1
1.195878 1
0.747526 1
0.084044 1
0.423847 1
0.280119 1
0.359907 1
0.416024 1
0.579921 1
0.212046 1
0.228022 1
0.332916 1
0.344242 1
2.518637 1
1.292765 1
0.471199 1
0.376309 1
0.152444 1
0.183615 1
0.191947 1
1.627557 1
1.388192 1
0.324252 1
0.424329 1
0.491328 1
0.172159 1
0.543971 1
0.576189 4
0.324474 1
0.491528 1
0.147971 1
0.371928 1
0.552307 1
0.479807 1
0.895897 1
0.232002 1
0.292085 1
0.247853 1
2.404302 1
0.319679 3
0.551831 1
0.156529 1
11.787779 1
3.908163 130
25.575821 1
0.336200 1
0.559679 1
0.124102 1
0.743888 1
1.956247 1
0.140006 1
2.272017 1
1.791811 1
2.540058 1
0.316019 1
0.400257 1
1.719617 1
0.136695 1
1.367458 1
0.963898 1
0.152256 1
1.784696 1
1.231126 1
0.236699 1
0.195380 1
0.307677 1
0.516130 1
0.408083 1
0.121951 1
1.049776 1
8.132586 97
25.507618 1
0.545180 1
0.194826 1
0.432124 1
1.988047 1
0.224707 1
0.235703 1
0.511503 1
1.107952 1
0.436001 1
1.240867 1
1.688895 1
6.938247 1
1.700415 1
1.455297 1
0.388136 1
0.208121 1
0.544151 1
0.259850 1
0.284832 1
14.123211 1
6.324098 1
0.359911 1
1.648103 1
9.964032 1
2.959780 1
1.204203 1
0.284058 1
0.175922 1
0.211884 1
2.440062 1
0.184241 1
2.327604 1
3.568228 1
2.208070 1
2.555849 1
1.279953 4
1.696449 1
3.975666 1
0.264147 1
0.847970 1
1.807786 1
5.696102 4
0.176991 4
0.159017 4
0.175961 4
0.165173 4
0.266938 4
1.004097 1
0.648747 1
1.786927 1
19.424417 1
0.707767 1
0.412312 1
0.395962 1
0.151651 1
0.240138 1
1.943791 1
0.268180 1
0.411979 1
0.155891 1
0.204084 1
2.051913 1
0.237021 1
1.879005 1
0.616236 1
14.623957 1
0.631689 1
1.328614 1
1.091704 3
0.631701 1
0.260103 1
0.240314 1
1.787810 1
0.597121 1
1.650759 1
0.255787 1
0.408210 1
0.487919 1
3.636290 1
0.895914 1
0.568985 1
0.526946 1
0.176165 1
0.727768 1
0.124028 1
0.419991 1
1.355888 1
10.012891 141
50.747408 1
0.832021 1
0.644052 1
0.207715 1
1.216153 1
0.196154 1
0.815808 1
0.873054 1
0.207152 1
0.763793 1
0.660113 1
0.976065 1
6.879865 1
0.155940 1
0.171819 1
0.844531 4
0.487644 1
0.399965 1
0.143798 1
4.584276 1
1.372145 4
0.163729 4
0.164332 4
0.163746 4
0.171844 4
0.260070 4
0.636661 1
0.571929 1
1.215525 1
0.152093 1
0.404285 1
0.636065 1
0.151563 1
5.111978 1
2.727969 1
0.316003 1
0.527862 1
1.036184 1
0.748125 1
0.988524 1
2.495385 4
0.248145 1
0.272122 1
0.703702 1
0.307925 1
0.428092 1
0.131962 1
0.195990 1
0.268215 1
0.731634 1
0.244125 1
2.535994 1
5.452799 1
1.407743 1
0.140130 1
63.363515 1
0.223937 1
1.023750 1
0.304300 1
0.163977 1
0.548159 1
4.035792 1
2.419746 1
0.576151 1
0.288151 1
0.479930 1
0.288378 1
6.619838 1
0.727940 1
0.624386 1
0.359822 1
3.393302 1
0.271509 1
0.499969 1
0.032022 1
0.031349 1
0.030569 1
0.031741 1
0.032219 1
0.031537 1
0.032712 1
0.030563 1
0.031288 1
0.030944 1
0.193462 1
0.227531 1
0.200109 1
0.947286 220
0.591831 224
0.813022 3
0.500595 3
0.031213 3
0.031567 3
0.030826 3
0.030568 3
0.031515 3
0.030288 3
0.029998 3
0.030767 3
0.031254 3
0.030955 3
0.031553 3
0.242933 3
0.279464 3
0.212267 3
0.236016 1
0.914994 1
0.376059 1
1.440484 1
0.151457 1
0.199730 1
0.260822 1
0.155269 1
3.496403 1
0.880351 1
8.108340 1
1.587091 1
0.431774 1
0.372701 1
0.127311 1
0.212457 1
0.311705 1
0.219827 1
0.460136 1
0.149026 1
0.691136 1
3.987788 1
0.697096 1
1.386961 1
1.672100 1
0.443899 1
1.104405 1
0.127870 1
0.355917 1
0.495917 1
0.155946 1
4.936011 1
3.143949 1
0.724064 1
0.299877 1
0.456071 1
1.359829 1
0.408247 1
4.487983 1
1.599758 1
0.176211 1
0.353386 1
0.950698 1
0.467895 1
0.260137 1
0.147848 1
0.200360 1
0.287740 1
0.163875 1
0.992049 1
3.472350 4
1.767768 1
1.595988 4
0.975950 1
0.408028 1
0.219999 1
0.452072 1
0.196398 1
0.243382 1
1.453227 1
0.500702 1
0.031799 1
0.032279 1
0.031758 1
0.030239 1
0.030653 1
0.030917 1
0.032252 1
0.030848 1
0.031286 1
0.031495 1
0.031493 1
0.031672 1
0.031120 1
0.031200 1
0.031837 1
0.031353 1
0.030893 1
0.031251 1
0.030872 1
0.492463 1
0.291850 1
0.248137 1
0.543893 1
0.459631 1
0.436013 3
0.296116 3
1.211041 5
12.755792 5
4.941379 1
0.500715 1
0.030927 1
0.031927 1
0.031858 1
0.031468 1
0.031861 1
0.031114 1
0.031125 1
0.031523 1
0.031790 1
0.032212 1
0.033255 1
0.031130 1
0.032229 1
0.686559 3
0.500384 3
0.030782 3
0.031298 3
0.030682 3
0.030901 3
0.032482 3
0.031842 3
0.031240 3
0.030511 3
0.031220 3
0.031853 3
0.030603 3
0.035036 3
0.031418 3
0.031350 3
0.031963 3
0.031884 3
0.032503 3
0.031258 3
0.031297 3
0.032124 3
0.032159 3
0.030980 3
0.030946 1
0.031329 1
0.031642 1
0.031866 1
0.031700 1
0.031754 1
0.032849 1
0.032918 1
0.031467 1
3.017299 1
1.223214 1
0.215978 1
1.068331 1
1.199843 1
2.891912 1
0.196208 1
1.188155 1
1.247689 1
0.120075 1
2.360225 1
1.811718 4
2.960064 4
1.267885 1
1.016323 4
1.240151 1
0.507718 4
3.404413 82
1.788475 136
1.306962 4
0.184073 9
0.184785 4
0.187159 6
0.416188 210
5.284347 1
0.628131 4
3.811626 82
1.156902 127
1.163623 1
0.805264 3
0.478001 4
0.935683 1
0.548617 191
12.628695 127
1.172558 1
0.500705 1
0.030871 1
0.031191 1
0.031017 1
0.030812 1
0.029521 1
0.031314 1
0.030997 1
0.030970 1
0.031249 1
0.030907 1
0.031364 1
0.030915 1
0.031062 1
0.030865 1
0.031772 1
0.030443 1
0.031288 1
0.031106 1
0.031355 1
0.028738 1
0.031898 1
0.310291 1
0.611034 1
0.459869 3
0.324016 3
0.501306 3
0.030931 3
0.031039 3
0.031954 3
0.030629 3
0.031361 3
0.030832 3
0.423835 1
0.392227 1
1.343930 1
0.500849 1
0.032377 1
0.031035 1
0.030925 1
0.428647 1
0.235797 1
0.220178 1
0.216564 1
0.431686 1
33.120100 82
0.515799 1
0.501000 1
0.031568 1
0.030322 1
0.031217 1
0.749935 1
0.499799 1
0.031635 1
0.030624 1
0.031121 1
0.031003 1
0.030822 1
0.031717 1
0.031486 1
0.030687 1
0.031708 1
0.030359 1
0.030275 1
1.110087 5
1.551666 4
3.604129 82
0.777134 128
2.615361 1
1.847641 3
0.988980 7
0.634911 3
0.699902 192
42.864006 1
0.332700 1
1.727086 1
0.075863 1
2.210083 8
