0.024429 78
0.463522 4
0.207222 17
0.171757 42
0.168275 42
0.652162 35
0.187719 18
0.559891 51
0.384274 86
1.754159 2
0.104305 25
0.038856 81
0.000064 2
0.000028 3
0.000022 2
0.000021 15
0.000022 2
0.000022 40
0.000021 2
0.000021 3
0.000091 2
0.000038 19
0.000022 2
0.000021 63
0.000022 2
0.000021 40
0.000022 2
0.000022 3
0.000021 2
0.000021 22
0.000022 2
0.000021 80
0.000022 2
0.000021 3
0.000021 2
0.000022 51
0.000021 2
0.000021 3
0.000022 2
0.000021 27
0.000021 2
0.000021 52
0.000047 2
0.000032 3
0.000023 2
0.000022 80
0.000021 2
0.000022 3
0.000021 2
0.000022 29
0.000021 2
0.000021 3
0.000021 2
0.000021 26
0.000021 2
0.000021 3
0.000021 2
0.000022 73
0.884476 28
0.000660 78
0.408821 10
0.675438 18
0.416032 17
0.481197 42
0.534625 42
0.336530 35
1.002735 2
0.087529 25
0.052694 81
0.000110 2
0.000027 3
0.000037 2
0.000022 15
0.000022 2
0.000021 81
0.000022 2
0.000022 69
0.000022 2
0.000021 3
0.000070 2
0.000050 19
0.000023 2
0.000021 44
0.000022 2
0.000021 3
0.000022 2
0.000021 103
0.000022 2
0.000022 151
0.000021 2
0.000022 137
0.000022 2
0.000021 148
0.000022 2
0.000023 153
0.000109 34
0.000025 2
0.000022 3
0.000022 2
0.000021 45
0.000022 2
0.000022 3
0.000021 2
0.000022 128
0.000022 2
0.000022 176
0.000022 2
0.000021 162
0.000022 2
0.000022 173
0.000021 2
0.000022 212
0.000022 2
0.000021 3
0.000021 2
0.000022 73
0.642784 28
0.000671 78
0.512034 12
0.207890 18
0.408132 18
0.365141 17
0.471846 42
0.443023 42
0.746795 2
0.098659 25
0.048312 81
0.000071 2
0.000028 3
0.000022 2
0.000022 15
0.000022 2
0.000021 40
0.000022 2
0.000021 3
0.000021 2
0.000021 19
0.000021 2
0.000021 63
0.000320 2
0.000027 40
0.000023 2
0.000023 3
0.000021 2
0.000021 22
0.000021 2
0.000022 80
0.000021 2
0.000021 3
0.000021 2
0.000022 51
0.000021 2
0.000149 3
0.000038 2
0.000025 27
0.000023 2
0.000021 52
0.000021 2
0.000021 3
0.000021 2
0.000021 80
0.000021 2
0.000021 3
0.000021 2
0.000077 29
0.000050 2
0.000021 3
0.000021 2
0.000022 26
0.000021 2
0.000020 3
0.000021 2
0.000022 73
0.643932 28
0.007789 101
0.000040 2
1.972097 2
0.000325 80
1.715980 13
0.464567 35
0.315999 18
0.780460 18
0.411166 17
0.645121 42
0.639931 224
0.008772 135
0.000309 165
0.000040 46
0.000033 42
0.000033 62
0.000083 38
0.000034 84
0.000032 78
0.000043 208
0.000033 76
0.000034 80
0.000033 85
0.000032 59
0.000033 81
0.000032 86
0.000076 6
0.844827 84
0.000193 78
0.544454 11
0.488451 42
0.559835 35
0.428297 18
0.479356 18
0.448377 17
4.047042 2
0.083357 44
0.000063 2
0.000087 50
0.000060 2
0.000373 78
1.601985 13
0.386887 42
0.184184 42
0.395401 35
0.315434 18
0.356935 18
1.031494 8
